1 0 0 0 0 1 0 0 0 0 1 0
1 6.14495e-05 -1.54294e-06 0.00124726 -6.14494e-05 1 1.7553e-05 -0.000730128 1.54402e-06 -1.75529e-05 1 1.54402e-06
1 3.99395e-05 -1.22283e-05 -0.00383578 -3.99391e-05 1 3.35869e-05 -0.000283832 1.22297e-05 -3.35864e-05 1 1.22297e-05
1 -0.000159723 1.33324e-05 -0.00408963 0.000159722 1 9.07517e-05 -0.00342709 -1.33469e-05 -9.07496e-05 1 -1.33469e-05
1 -0.000122668 1.67366e-05 -0.00123567 0.000122667 1 6.59526e-05 -0.00373817 -1.67447e-05 -6.59506e-05 1 -1.67447e-05
1 -7.86179e-05 3.1798e-05 -0.0034148 7.86159e-05 1 6.21013e-05 -0.00399359 -3.18029e-05 -6.20988e-05 1 -3.18029e-05
1 -9.80397e-05 3.38024e-05 -0.0045217 9.80362e-05 1 0.0001061 -0.00530204 -3.38128e-05 -0.000106097 1 -3.38128e-05
1 -0.000175702 1.33662e-05 -0.00646829 0.000175701 1 7.52623e-05 -0.00742906 -1.33795e-05 -7.526e-05 1 -1.33795e-05
1 -0.000194474 4.18049e-05 -0.0047817 0.00019447 1 9.46901e-05 -0.00530929 -4.18233e-05 -9.46819e-05 1 -4.18233e-05
1 -0.0001718 6.31454e-05 -0.00658378 0.000171792 1 0.000127818 -0.00217054 -6.31674e-05 -0.000127807 1 -6.31674e-05
1 -0.000171823 5.69335e-05 -0.00935514 0.000171818 1 7.33972e-05 -0.00340681 -5.69461e-05 -7.33874e-05 1 -5.69461e-05
1 -0.000273915 4.94235e-05 -0.0100251 0.00027391 1 0.000100777 -0.00920976 -4.94511e-05 -0.000100763 1 -4.94511e-05
1 -0.00020273 7.72452e-05 -0.0071998 0.000202721 1 0.000120571 -0.00690947 -7.72696e-05 -0.000120555 1 -7.72696e-05
1 -0.000156467 3.1531e-05 -0.00648995 0.000156464 1 7.25579e-05 -0.00500069 -3.15423e-05 -7.25529e-05 1 -3.15423e-05
1 -0.000252961 3.41811e-05 -0.0118706 0.000252958 1 8.47854e-05 -0.00689807 -3.42026e-05 -8.47768e-05 1 -3.42026e-05
1 -0.000170215 5.96906e-05 -0.00608039 0.000170208 1 0.000110724 -0.00675216 -5.97095e-05 -0.000110714 1 -5.97095e-05
1 -0.000284242 8.45011e-05 -0.0071807 0.000284236 1 7.15606e-05 -0.00757238 -8.45214e-05 -7.15366e-05 1 -8.45214e-05
1 -0.000318487 3.38129e-05 -0.0109584 0.000318484 1 9.67946e-05 -0.00710448 -3.38437e-05 -9.67838e-05 1 -3.38437e-05
1 -0.000366121 7.15155e-05 -0.0106738 0.000366113 1 0.000121176 -0.0112928 -7.15598e-05 -0.00012115 1 -7.15598e-05
1 -0.00048455 6.07425e-05 -0.0103341 0.000484541 1 0.000140985 -0.0109538 -6.08108e-05 -0.000140955 1 -6.08108e-05
1 -0.000453496 5.97932e-05 -0.00667292 0.00045349 1 9.07726e-05 -0.0108041 -5.98344e-05 -9.07455e-05 1 -5.98344e-05
1 -0.000510819 2.9347e-05 -0.0146365 0.000510816 1 9.88507e-05 -0.0101388 -2.93975e-05 -9.88357e-05 1 -2.93975e-05
1 -0.000398379 5.4518e-05 -0.0113119 0.000398374 1 0.000105336 -0.0121376 -5.456e-05 -0.000105314 1 -5.456e-05
1 -0.000424697 5.19555e-05 -0.00927889 0.00042469 1 0.00013994 -0.0105789 -5.20149e-05 -0.000139918 1 -5.20149e-05
1 -0.000461758 2.9223e-05 -0.0115003 0.000461753 1 0.000164355 -0.00830352 -2.92989e-05 -0.000164341 1 -2.92989e-05
1 -0.000471679 4.68569e-05 -0.00921558 0.000471671 1 0.000181963 -0.00931289 -4.69428e-05 -0.000181941 1 -4.69428e-05
1 -0.000569176 6.68027e-06 -0.0104614 0.000569175 1 0.000164433 -0.0128883 -6.77386e-06 -0.00016443 1 -6.77386e-06
1 -0.000516064 2.1591e-05 -0.00910494 0.00051606 1 0.000181893 -0.0101553 -2.16849e-05 -0.000181882 1 -2.16849e-05
1 -0.000560613 1.21489e-05 -0.0114 0.000560611 1 0.000188358 -0.0101581 -1.22545e-05 -0.000188352 1 -1.22545e-05
1 -0.000439329 -2.45544e-06 -0.0114099 0.000439329 1 0.000163521 -0.0129437 2.3836e-06 -0.000163522 1 2.3836e-06
1 -0.000467652 2.59225e-05 -0.00765546 0.000467648 1 0.000145511 -0.0158063 -2.59905e-05 -0.000145499 1 -2.59905e-05
1 -0.000478292 1.85263e-05 -0.0111231 0.000478288 1 0.000203092 -0.0128623 -1.86234e-05 -0.000203083 1 -1.86234e-05
1 -0.000513161 2.37446e-05 -0.00860451 0.000513157 1 0.000194137 -0.0105042 -2.38443e-05 -0.000194125 1 -2.38443e-05
1 -0.000611768 1.03733e-05 -0.00859493 0.000611766 1 0.000140902 -0.0124866 -1.04595e-05 -0.000140896 1 -1.04595e-05
1 -0.000557047 -9.42745e-06 -0.0114449 0.000557049 1 0.000184524 -0.0125044 9.32466e-06 -0.00018453 1 9.32466e-06
1 -0.000540286 9.01378e-06 -0.0129037 0.000540285 1 0.000155342 -0.0129834 -9.09771e-06 -0.000155337 1 -9.09771e-06
1 -0.000545967 -1.89354e-05 -0.0157801 0.000545969 1 0.000113375 -0.0118744 1.88735e-05 -0.000113386 1 1.88735e-05
1 -0.000589236 1.42047e-05 -0.0156222 0.000589235 1 9.82497e-05 -0.0220725 -1.42626e-05 -9.82414e-05 1 -1.42626e-05
1 -0.000550394 2.71653e-05 -0.0105169 0.00055039 1 0.000148025 -0.0212915 -2.72468e-05 -0.00014801 1 -2.72468e-05
1 -0.000615264 1.25752e-05 -0.0081527 0.000615261 1 0.000234489 -0.014903 -1.27195e-05 -0.000234481 1 -1.27195e-05
1 -0.000572251 2.21893e-06 -0.014124 0.00057225 1 0.000191277 -0.0112548 -2.32839e-06 -0.000191276 1 -2.32839e-06
1 -0.000608637 1.48954e-05 -0.0136112 0.000608635 1 0.000137924 -0.0185387 -1.49794e-05 -0.000137915 1 -1.49794e-05
1 -0.00062524 2.90261e-05 -0.00731026 0.000625234 1 0.000197268 -0.0203368 -2.91494e-05 -0.00019725 1 -2.91494e-05
1 -0.000622095 -9.7785e-06 -0.0127074 0.000622097 1 0.000270838 -0.0081573 9.61001e-06 -0.000270844 1 9.61001e-06
1 -0.000668688 -3.84289e-06 -0.0129827 0.000668689 1 0.000234655 -0.0156636 3.68598e-06 -0.000234658 1 3.68598e-06
1 -0.000647603 1.08181e-05 -0.0102268 0.000647601 1 0.000215817 -0.0179958 -1.09578e-05 -0.00021581 1 -1.09578e-05
1 -0.000593939 -1.21297e-05 -0.00989993 0.000593942 1 0.00019288 -0.0131453 1.20152e-05 -0.000192887 1 1.20152e-05
1 -0.000574648 1.2305e-05 -0.0140142 0.000574645 1 0.000239923 -0.0120694 -1.24429e-05 -0.000239916 1 -1.24429e-05
1 -0.000566272 8.5396e-06 -0.0148469 0.000566271 1 0.000192406 -0.0202923 -8.64855e-06 -0.000192401 1 -8.64855e-06
1 -0.000626323 9.9184e-06 -0.0111295 0.000626321 1 0.000172095 -0.028092 -1.00262e-05 -0.000172089 1 -1.00262e-05
1 -0.000637829 7.94718e-07 -0.0130799 0.000637829 1 0.00022182 -0.0247918 -9.36202e-07 -0.00022182 1 -9.36202e-07
1 -0.000674707 -2.62691e-05 -0.01587 0.000674712 1 0.000185607 -0.0261076 2.61439e-05 -0.000185625 1 2.61439e-05
1 -0.000705489 -9.16874e-06 -0.0157226 0.000705491 1 0.000158168 -0.0324557 9.05715e-06 -0.000158174 1 9.05715e-06
1 -0.000687538 3.69724e-05 -0.0156391 0.00068753 1 0.000215793 -0.0328309 -3.71207e-05 -0.000215767 1 -3.71207e-05
1 -0.000628077 3.31522e-05 -0.0119225 0.000628068 1 0.000249312 -0.0292231 -3.33088e-05 -0.000249291 1 -3.33088e-05
1 -0.000543599 3.59884e-06 -0.0172212 0.000543598 1 0.000236787 -0.0220895 -3.72756e-06 -0.000236785 1 -3.72756e-06
1 -0.000528315 2.67321e-05 -0.0195677 0.000528308 1 0.000276319 -0.0308487 -2.68781e-05 -0.000276305 1 -2.68781e-05
1 -0.000522691 2.4675e-05 -0.01675 0.000522684 1 0.000261983 -0.0253815 -2.4812e-05 -0.00026197 1 -2.4812e-05
1 -0.000503533 3.87139e-05 -0.019258 0.000503524 1 0.000237114 -0.0276659 -3.88333e-05 -0.000237095 1 -3.88333e-05
1 -0.000515317 8.83001e-06 -0.0181513 0.000515315 1 0.000198672 -0.0352675 -8.93239e-06 -0.000198668 1 -8.93239e-06
1 -0.000403765 -1.58321e-06 -0.0235843 0.000403765 1 0.000288739 -0.0256415 1.46663e-06 -0.00028874 1 1.46663e-06
1 -0.000325705 3.22476e-05 -0.0191365 0.000325696 1 0.000254806 -0.0249668 -3.23306e-05 -0.000254795 1 -3.23306e-05
1 -0.00039482 5.09224e-06 -0.0203672 0.000394819 1 0.000231139 -0.0304085 -5.18349e-06 -0.000231137 1 -5.18349e-06
1 -0.000476461 7.21777e-06 -0.0213439 0.000476459 1 0.00027692 -0.0321805 -7.34971e-06 -0.000276916 1 -7.34971e-06
1 -0.000394441 3.66963e-05 -0.0187071 0.000394432 1 0.000239951 -0.0271342 -3.67909e-05 -0.000239937 1 -3.67909e-05
1 -0.000420568 -5.95289e-06 -0.0222133 0.000420569 1 0.000190943 -0.0305949 5.87259e-06 -0.000190946 1 5.87259e-06
1 -0.000458199 0.000128667 -0.0227864 0.000458175 1 0.000186555 -0.034594 -0.000128752 -0.000186496 1 -0.000128752
1 -0.000414584 2.82616e-05 -0.0228008 0.000414576 1 0.000280186 -0.0270534 -2.83777e-05 -0.000280174 1 -2.83777e-05
1 -0.000407783 5.13694e-05 -0.0180891 0.000407773 1 0.000193098 -0.0329294 -5.14482e-05 -0.000193077 1 -5.14482e-05
1 -0.000466492 1.15217e-05 -0.0239747 0.000466489 1 0.000255952 -0.0294838 -1.16411e-05 -0.000255946 1 -1.16411e-05
1 -0.000506402 5.89385e-05 -0.0316438 0.000506389 1 0.000211772 -0.0316396 -5.90458e-05 -0.000211743 1 -5.90458e-05
1 -0.000535929 8.49476e-05 -0.0219761 0.000535907 1 0.000256251 -0.0357566 -8.50849e-05 -0.000256205 1 -8.50849e-05
1 -0.000449881 7.55679e-05 -0.0179962 0.000449862 1 0.000246071 -0.0324109 -7.56786e-05 -0.000246037 1 -7.56786e-05
1 -0.000572953 -0.000259906 -0.038534 0.000573016 1 0.000244307 -0.0330857 0.000259766 -0.000244456 1 0.000259766
0.999999 -0.000651328 -0.000833487 -0.0730199 0.000651635 1 0.000368341 -0.0310928 0.000833247 -0.000368884 1 0.000833247
0.999997 -0.000413379 -0.00225404 -0.101441 0.000414321 1 0.000417306 -0.0237632 0.00225387 -0.000418239 0.999997 0.00225387
0.999993 -0.000101214 -0.00371115 -0.126419 0.000103989 1 0.000747573 -0.0136026 0.00371107 -0.000747953 0.999993 0.00371107
0.99999 -4.1662e-05 -0.00455892 -0.168789 4.53191e-05 1 0.000802078 -0.00768698 0.00455888 -0.000802276 0.999989 0.00455888
0.999988 -5.60667e-05 -0.00495073 -0.169984 6.00674e-05 1 0.000807956 -0.0095724 0.00495068 -0.000808244 0.999987 0.00495068
0.999987 3.88363e-05 -0.00516463 -0.155901 -3.46391e-05 1 0.000812762 -0.00894512 0.00516466 -0.000812573 0.999986 0.00516466
0.999985 4.87894e-05 -0.00543103 -0.13728 -4.36258e-05 1 0.000950875 -0.00601491 0.00543108 -0.000950624 0.999985 0.00543108
0.999984 0.000241812 -0.00571475 -0.1329 -0.000236104 0.999999 0.000999562 0.00043356 0.00571499 -0.000998197 0.999983 0.00571499
0.999982 0.000498639 -0.00599897 -0.122775 -0.000493025 0.999999 0.000937343 -0.00278144 0.00599943 -0.000934369 0.999982 0.00599943
0.99998 0.000400604 -0.00624253 -0.110406 -0.000394783 0.999999 0.000933654 -0.00640114 0.0062429 -0.000931171 0.99998 0.0062429
0.99998 0.000645851 -0.00635173 -0.105618 -0.000639252 0.999999 0.00104094 -0.00572079 0.0063524 -0.00103686 0.999979 0.0063524
0.999979 0.000451543 -0.00651723 -0.102308 -0.000443008 0.999999 0.00131089 -0.00236114 0.00651782 -0.00130798 0.999978 0.00651782
0.999977 0.00089246 -0.00673976 -0.0937353 -0.000881048 0.999998 0.00169604 0.0261868 0.00674126 -0.00169007 0.999976 0.00674126
0.999976 0.00138721 -0.0067579 -0.119836 -0.00137691 0.999998 0.00152866 0.0364961 0.00676 -0.00151932 0.999976 0.00676
0.999975 0.00115342 -0.0070138 -0.148316 -0.00114664 0.999999 0.000970446 0.00427623 0.00701491 -0.000962379 0.999975 0.00701491
0.999974 0.00016103 -0.00722636 -0.164966 -0.000158613 1 0.000335 -0.040399 0.00722641 -0.000333845 0.999974 0.00722641
0.999973 -0.00104307 -0.00728944 -0.158074 0.00104668 0.999999 0.000492001 -0.0613103 0.00728892 -0.000499617 0.999973 0.00728892
0.999972 -0.00175325 -0.00729055 -0.153991 0.00175838 0.999998 0.000696735 -0.0452084 0.00728932 -0.000709535 0.999973 0.00728932
0.99997 -0.00201292 -0.0074425 -0.146094 0.00201886 0.999998 0.000791491 -0.0405718 0.00744089 -0.000806493 0.999972 0.00744089
0.999968 -0.00320119 -0.00727137 -0.166267 0.00320431 0.999995 0.000416813 -0.0463368 0.00727 -0.000440099 0.999973 0.00727
0.999971 -0.00503611 -0.00579318 -0.0801739 0.00503227 0.999987 -0.000676395 -0.0905029 0.00579652 0.000647222 0.999983 0.00579652
0.999954 -0.00843809 -0.00452904 0.0267249 0.00843241 0.999964 -0.00127062 -0.133148 0.0045396 0.00123237 0.999989 0.0045396
0.999917 -0.0122048 -0.00400824 0.122679 0.0122 0.999925 -0.00121259 -0.132476 0.00402274 0.00116359 0.999991 0.00402274
0.999851 -0.0168135 -0.00398284 0.153576 0.0168084 0.999858 -0.00130463 -0.133072 0.00400421 0.00123749 0.999991 0.00400421
0.999737 -0.0225589 -0.00417811 0.135323 0.0225539 0.999745 -0.00121738 -0.122783 0.0042045 0.00112282 0.999991 0.0042045
0.999569 -0.0291094 -0.00386667 0.134177 0.0291024 0.999575 -0.00185283 -0.140599 0.00391896 0.00173951 0.999991 0.00391896
0.999288 -0.0374792 -0.00433326 0.117785 0.0374696 0.999295 -0.00228101 -0.164427 0.00441569 0.00211702 0.999988 0.00441569
0.998835 -0.0480427 -0.00456264 0.0837138 0.0480303 0.998842 -0.00278643 -0.191382 0.00469122 0.00256404 0.999986 0.00469122
0.99825 -0.0590394 -0.00342854 0.142276 0.0590299 0.998252 -0.00281988 -0.188958 0.00358903 0.00261256 0.99999 0.00358903
0.997491 -0.0707202 -0.00321344 0.208522 0.0707118 0.997493 -0.00264995 -0.184938 0.00339279 0.00241607 0.999991 0.00339279
0.996573 -0.082659 -0.00326022 0.222635 0.082649 0.996574 -0.00310188 -0.181675 0.00350545 0.0028218 0.99999 0.00350545
0.99528 -0.0970004 -0.00299582 0.223451 0.0969889 0.995278 -0.00377429 -0.214377 0.00334778 0.00346591 0.999988 0.00334778
0.993553 -0.113338 -0.00263741 0.242242 0.113323 0.993545 -0.00503889 -0.279961 0.00319148 0.00470752 0.999984 0.00319148
0.9913 -0.131585 -0.00297714 0.234394 0.131564 0.991287 -0.00640613 -0.35002 0.00379415 0.00595871 0.999975 0.00379415
0.988468 -0.151406 -0.00259116 0.234106 0.151385 0.98845 -0.00699934 -0.399953 0.00362097 0.00652636 0.999972 0.00362097
0.985174 -0.171542 -0.00243966 0.256151 0.171521 0.985155 -0.00712312 -0.416479 0.00362536 0.00659906 0.999972 0.00362536
0.981189 -0.193036 -0.00217799 0.27245 0.193016 0.981169 -0.00717971 -0.429853 0.00352292 0.00662427 0.999972 0.00352292
0.976574 -0.215178 -0.00141669 0.336866 0.215164 0.976555 -0.00672432 -0.389175 0.0028304 0.00626197 0.999976 0.0028304
0.971132 -0.238544 -0.000327323 0.399892 0.238534 0.971101 -0.00803684 -0.416166 0.00223501 0.00772676 0.999968 0.00223501
0.96431 -0.264773 0.000567655 0.463704 0.264767 0.964266 -0.00950611 -0.49212 0.00196959 0.00931713 0.999955 0.00196959
0.956267 -0.292493 0.00103953 0.49352 0.292486 0.956204 -0.011171 -0.599426 0.00227343 0.0109865 0.999937 0.00227343
0.946997 -0.321241 0.00127405 0.527499 0.321234 0.94693 -0.011482 -0.670114 0.00248206 0.0112827 0.999933 0.00248206
0.937487 -0.348014 0.0019709 0.613803 0.348014 0.93743 -0.0105111 -0.638269 0.00181043 0.01054 0.999943 0.00181043
0.927865 -0.372909 0.00242485 0.688968 0.372915 0.927822 -0.00901281 -0.551145 0.00111113 0.00926693 0.999956 0.00111113
0.917719 -0.397216 0.00320784 0.731292 0.397229 0.917675 -0.00902695 -0.486861 0.000641899 0.00955846 0.999954 0.000641899
0.90627 -0.422675 0.00451718 0.792834 0.422699 0.906213 -0.0101804 -0.503348 0.000209461 0.0111356 0.999938 0.000209461
0.893001 -0.450022 0.00544209 0.862723 0.450055 0.892926 -0.0115511 -0.573062 0.000338893 0.0127644 0.999918 0.000338893
0.878011 -0.478601 0.00613371 0.929651 0.47864 0.877918 -0.0128417 -0.665295 0.00076116 0.014211 0.999899 0.00076116
0.862178 -0.50656 0.00681382 1.00039 0.506605 0.862078 -0.0131332 -0.739588 0.000778714 0.0147751 0.999891 0.000778714
0.846279 -0.532692 0.00715079 1.08888 0.532739 0.846186 -0.0125575 -0.724539 0.00063839 0.0144367 0.999896 0.00063839
0.830587 -0.556836 0.007678 1.19196 0.556888 0.830498 -0.0122128 -0.693532 0.000423977 0.0144196 0.999896 0.000423977
0.814411 -0.580229 0.00825411 1.29801 0.580288 0.814332 -0.011356 -0.602425 -0.000132505 0.0140382 0.999901 -0.000132505
0.797439 -0.603332 0.00901194 1.38567 0.603399 0.797365 -0.0109046 -0.535203 -0.000606698 0.0141336 0.9999 -0.000606698
0.779978 -0.625743 0.00889848 1.50589 0.625807 0.779898 -0.0111482 -0.495233 3.59998e-05 0.0142641 0.999898 3.59998e-05
0.761512 -0.64809 0.00881434 1.56622 0.64815 0.761441 -0.0103972 -0.412193 2.67219e-05 0.0136306 0.999907 2.67219e-05
0.743142 -0.669063 0.00976033 1.64987 0.669134 0.74308 -0.00964105 -0.353982 -0.000802237 0.0136956 0.999906 -0.000802237
0.724916 -0.688765 0.00998963 1.71511 0.688836 0.724869 -0.00835762 -0.279194 -0.00148474 0.0129398 0.999915 -0.00148474
0.70708 -0.707067 0.00971582 1.73941 0.707131 0.707046 -0.00721155 -0.193039 -0.00177049 0.0119695 0.999927 -0.00177049
0.69047 -0.723308 0.00881735 1.73765 0.723358 0.690451 -0.00547315 -0.0982806 -0.00212918 0.0101571 0.999946 -0.00212918
0.674293 -0.738422 0.00788918 1.68465 0.738461 0.674283 -0.00427041 -0.00752683 -0.00216618 0.00870536 0.99996 -0.00216618
0.65945 -0.751707 0.00791221 1.64894 0.751744 0.659446 -0.00352088 0.0488161 -0.002571 0.0082698 0.999962 -0.002571
0.64707 -0.762381 0.00872635 1.6692 0.762425 0.647069 -0.0033229 0.0781268 -0.00311323 0.00880333 0.999956 -0.00311323
0.63714 -0.770702 0.00848393 1.70421 0.77074 0.637145 -0.00239839 0.126619 -0.00355705 0.00806701 0.999961 -0.00355705
0.6299 -0.776643 0.00724716 1.68009 0.776668 0.62991 -0.00105753 0.18498 -0.00374373 0.00629477 0.999973 -0.00374373
0.623511 -0.781783 0.00697015 1.64572 0.781804 0.623524 -0.000433042 0.250939 -0.00400751 0.0057193 0.999976 -0.00400751
0.618552 -0.78571 0.00735887 1.65266 0.785732 0.618566 -0.000368333 0.281163 -0.00426255 0.00600993 0.999973 -0.00426255
0.6156 -0.788026 0.00717868 1.6898 0.788045 0.615618 0.000299731 0.349422 -0.00465552 0.00547261 0.999974 -0.00465552
0.614558 -0.788857 0.00486185 1.67418 0.78886 0.61457 0.00164989 0.410108 -0.00428948 0.00282137 0.999987 -0.00428948
0.615802 -0.787898 0.00209354 1.60881 0.787896 0.615806 0.001917 0.468863 -0.00279962 0.000469002 0.999996 -0.00279962
0.618085 -0.786109 0.00170179 1.52218 0.786108 0.618087 0.001376 0.472448 -0.00213354 0.000487306 0.999998 -0.00213354
0.621887 -0.783103 0.00229699 1.50317 0.783104 0.621891 0.000933845 0.418857 -0.00215977 0.00121803 0.999997 -0.00215977
0.629177 -0.777258 0.00237335 1.52005 0.777257 0.629181 0.00139895 0.398297 -0.00258061 0.000964514 0.999996 -0.00258061
0.638523 -0.769603 0.000476396 1.48481 0.769599 0.638521 0.0030149 0.447168 -0.00262447 -0.00155845 0.999995 -0.00262447
0.650122 -0.759828 -0.00155809 1.42738 0.759827 0.650114 0.00390368 0.483204 -0.00195319 -0.00372175 0.999991 -0.00195319
0.663624 -0.748064 -0.00188467 1.39395 0.748064 0.663613 0.0043787 0.525859 -0.00202486 -0.00431567 0.999989 -0.00202486
0.678325 -0.73476 -0.00186814 1.37816 0.734757 0.678309 0.00532031 0.563075 -0.00264198 -0.00498153 0.999984 -0.00264198
0.695518 -0.718507 -0.00181688 1.39169 0.718503 0.695499 0.00586368 0.61901 -0.00294945 -0.00538373 0.999981 -0.00294945
0.713911 -0.700234 -0.00190144 1.39894 0.700228 0.713888 0.00665942 0.659705 -0.00330574 -0.00608568 0.999976 -0.00330574
0.733075 -0.680145 -0.00205737 1.41646 0.68014 0.733047 0.00726182 0.682279 -0.00343094 -0.00672276 0.999972 -0.00343094
0.753609 -0.657317 -0.00300981 1.43493 0.657314 0.753565 0.00884402 0.728155 -0.00354523 -0.00864332 0.999956 -0.00354523
0.775333 -0.631545 -0.00319426 1.47094 0.63154 0.775274 0.010379 0.777128 -0.00407841 -0.0100645 0.999941 -0.00407841
0.79784 -0.602858 -0.00361509 1.51451 0.602856 0.797769 0.0113823 0.816826 -0.00397793 -0.0112607 0.999929 -0.00397793
0.820652 -0.571419 -0.0031592 1.59096 0.571417 0.82059 0.0107426 0.832915 -0.00354612 -0.0106212 0.999937 -0.00354612
0.843172 -0.537635 -0.00307595 1.68725 0.537635 0.84311 0.0106961 0.853867 -0.00315725 -0.0106724 0.999938 -0.00315725
0.865063 -0.501654 -0.00300503 1.79664 0.501657 0.865007 0.0101339 0.858905 -0.00248435 -0.010274 0.999944 -0.00248435
0.885401 -0.464814 -0.00353041 1.89226 0.464824 0.885337 0.0108049 0.888055 -0.00189668 -0.0112077 0.999935 -0.00189668
0.904141 -0.427219 -0.00368961 2.00587 0.427233 0.904073 0.0111304 0.966844 -0.00141946 -0.0116398 0.999931 -0.00141946
0.921559 -0.388219 -0.00383936 2.17849 0.388237 0.921486 0.0116512 1.0784 -0.000985308 -0.0122279 0.999925 -0.000985308
0.937866 -0.346968 -0.00457263 2.40615 0.346998 0.937772 0.0132486 1.20531 -0.000308765 -0.0140121 0.999902 -0.000308765
0.952238 -0.305317 -0.00483972 2.68058 0.305355 0.952129 0.0144163 1.33564 0.000206508 -0.0152056 0.999884 0.000206508
0.964591 -0.263703 -0.00498634 2.98882 0.263749 0.964463 0.0157164 1.43573 0.000664686 -0.016475 0.999864 0.000664686
0.975284 -0.220902 -0.00473852 3.32475 0.220951 0.975155 0.015946 1.5019 0.00109827 -0.0165989 0.999862 0.00109827
0.984073 -0.177686 -0.00533505 3.68324 0.177752 0.983924 0.017237 1.5657 0.00218651 -0.0179108 0.999837 0.00218651
0.990916 -0.134391 -0.00498096 4.05062 0.134459 0.990762 0.0176718 1.59601 0.00256002 -0.018181 0.999831 0.00256002
0.99591 -0.0902654 -0.00404733 4.42811 0.0903254 0.995739 0.0185797 1.59327 0.00235298 -0.0188693 0.999819 0.00235298
0.998953 -0.0456371 -0.00312237 4.78414 0.0456858 0.998796 0.0178763 1.55623 0.00230279 -0.0180003 0.999835 0.00230279
0.999996 -0.000734591 -0.00281733 5.14534 0.000781779 0.999859 0.0167849 1.50132 0.0028046 -0.016787 0.999855 0.0028046
0.99903 0.0439397 -0.00276033 5.50002 -0.043893 0.998921 0.0151851 1.43342 0.00342459 -0.0150492 0.999881 0.00342459
0.996122 0.087957 -0.00196747 5.85584 -0.0879126 0.995991 0.0165559 1.3682 0.00341579 -0.0163187 0.999861 0.00341579
0.991251 0.131988 -0.000511858 6.22832 -0.131959 0.991101 0.0174863 1.29404 0.00281529 -0.0172658 0.999847 0.00281529
0.984508 0.175335 0.000991121 6.57967 -0.175324 0.984345 0.0180887 1.19709 0.00219599 -0.0179823 0.999836 0.00219599
0.97583 0.218525 0.0015222 6.91975 -0.218518 0.975674 0.0175993 1.08644 0.00236072 -0.0175066 0.999844 0.00236072
0.965476 0.260489 0.00128597 7.26732 -0.260475 0.965344 0.0162578 0.946272 0.00299358 -0.0160315 0.999867 0.00299358
0.953642 0.300939 0.00136769 7.59528 -0.300927 0.953538 0.0144157 0.788061 0.0030341 -0.014159 0.999895 0.0030341
0.940668 0.33932 0.00239583 7.9205 -0.33932 0.940568 0.0139019 0.624278 0.00246374 -0.01389 0.9999 0.00246374
0.926664 0.375878 0.00315044 8.2476 -0.375881 0.926547 0.0149628 0.461527 0.00270518 -0.0150497 0.999883 0.00270518
0.911584 0.411097 0.00366661 8.57461 -0.411099 0.911442 0.0164792 0.289134 0.00343264 -0.0165295 0.999857 0.00343264
0.896164 0.443712 0.00295145 8.87921 -0.443701 0.896037 0.0157135 0.106123 0.00432768 -0.0153915 0.999872 0.00432768
0.880944 0.473218 0.00166429 9.17272 -0.473191 0.880843 0.0143494 -0.0772889 0.00532444 -0.0134286 0.999896 0.00532444
0.865909 0.500201 0.000249031 9.45231 -0.500166 0.865843 0.0122292 -0.281955 0.00590143 -0.0107139 0.999925 0.00590143
0.851799 0.523869 -0.000469222 9.73842 -0.523826 0.85174 0.0120292 -0.480569 0.00670135 -0.0100006 0.999928 0.00670135
0.83821 0.545348 0.000216348 10.0239 -0.545302 0.838133 0.013402 -0.680777 0.00712743 -0.0113517 0.99991 0.00712743
0.825484 0.564424 0.00115479 10.3196 -0.56438 0.825392 0.0142686 -0.903497 0.00710036 -0.0124302 0.999898 0.00710036
0.813569 0.581467 0.00127241 10.59 -0.581426 0.813482 0.0138395 -1.11657 0.00701212 -0.0119992 0.999903 0.00701212
0.803257 0.595632 0.000286706 10.8454 -0.595594 0.803199 0.0118165 -1.33431 0.00680798 -0.00966241 0.99993 0.00680798
0.79505 0.606542 -0.00119536 11.1085 -0.60651 0.795026 0.00894599 -1.544 0.00637646 -0.00638751 0.999959 0.00637646
0.789824 0.613332 -0.00141156 11.3804 -0.61331 0.789811 0.00703107 -1.75764 0.00542724 -0.00468758 0.999974 0.00542724
0.78731 0.616557 -0.000881297 11.6502 -0.61654 0.787298 0.00637224 -1.9595 0.00462269 -0.00447358 0.999979 0.00462269
0.788029 0.615637 -0.000964166 11.9067 -0.615625 0.788021 0.00528693 -2.16029 0.00401461 -0.00357269 0.999986 0.00401461
0.791339 0.611377 -0.000812943 12.1609 -0.611368 0.791334 0.00443872 -2.35728 0.00335704 -0.00301553 0.99999 0.00335704
0.797152 0.603779 -0.000286488 12.4274 -0.603774 0.797147 0.00368182 -2.55006 0.00245138 -0.002762 0.999993 0.00245138
0.804478 0.593982 0.000241619 12.69 -0.593978 0.804471 0.00399058 -2.72957 0.00217596 -0.00335385 0.999992 0.00217596
0.812554 0.582885 0.000464744 12.9422 -0.582881 0.812544 0.00479475 -2.89751 0.00241717 -0.00416688 0.999988 0.00241717
0.820813 0.571197 -8.61053e-05 13.1945 -0.571187 0.8208 0.00565267 -3.04994 0.00329946 -0.00459061 0.999984 0.00329946
0.829409 0.558638 -0.00189547 13.448 -0.558624 0.829406 0.00503797 -3.19485 0.00438651 -0.00311968 0.999986 0.00438651
0.839086 0.543984 -0.00392825 13.6854 -0.543976 0.839096 0.0029029 -3.334 0.00487531 -0.000298906 0.999988 0.00487531
0.850025 0.526719 -0.00502106 13.9257 -0.526718 0.850039 0.00170547 -3.44973 0.0051664 0.00119499 0.999986 0.0051664
0.861929 0.507005 -0.0048045 14.1494 -0.507002 0.861943 0.00198173 -3.56321 0.00514595 0.000727776 0.999986 0.00514595
0.874788 0.484489 -0.00399351 14.3898 -0.484485 0.874797 0.00209173 -3.65022 0.00450693 0.000104976 0.99999 0.00450693
0.888516 0.458831 -0.00382564 14.6283 -0.458829 0.888524 0.00125089 -3.74255 0.00397311 0.00064388 0.999992 0.00397311
0.902729 0.430192 -0.00375107 14.858 -0.430194 0.902736 0.000285025 -3.83678 0.00350884 0.00135639 0.999993 0.00350884
0.917453 0.397833 -0.00304506 15.1034 -0.397839 0.917453 -0.00184394 -3.90761 0.00206013 0.00290317 0.999994 0.00206013
0.932391 0.361444 -0.00243806 15.3388 -0.361451 0.932383 -0.00385902 -3.95659 0.00087839 0.00447936 0.99999 0.00087839
0.946857 0.321649 -0.00198998 15.5734 -0.321655 0.946841 -0.00550822 -4.00624 0.000112482 0.00585559 0.999983 0.000112482
0.960633 0.277815 -0.00157919 15.8147 -0.277819 0.960613 -0.00629135 -4.02936 -0.000230837 0.00648241 0.999979 -0.000230837
0.972723 0.231969 -0.00105407 16.0581 -0.231971 0.972696 -0.00724565 -4.03973 -0.000655481 0.00729252 0.999973 -0.000655481
0.983 0.183608 -0.00015889 16.3081 -0.183604 0.982973 -0.00739616 -4.03574 -0.00120181 0.00729959 0.999973 -0.00120181
0.990966 0.134114 0.000594299 16.5602 -0.134107 0.990942 -0.00700368 -4.01709 -0.00152821 0.00686071 0.999975 -0.00152821
0.996341 0.0854563 0.00144718 16.7977 -0.0854432 0.996315 -0.00747328 -3.99447 -0.00208049 0.00732229 0.999971 -0.00208049
0.999362 0.035667 0.00202287 17.008 -0.035647 0.999322 -0.00919543 -3.95675 -0.00234947 0.00911745 0.999956 -0.00234947
0.999894 -0.0142457 0.00303225 17.2222 0.0142767 0.999844 -0.0104444 -3.90172 -0.00288299 0.0104866 0.999941 -0.00288299
0.997935 -0.0641257 0.00373833 17.434 0.0641605 0.997889 -0.010077 -3.83576 -0.00308424 0.010296 0.999942 -0.00308424
0.99346 -0.114094 0.00448121 17.6504 0.114135 0.993412 -0.0103052 -3.76028 -0.00327593 0.0107493 0.999937 -0.00327593
0.986554 -0.163355 0.00520486 17.8729 0.163402 0.986502 -0.0106447 -3.6803 -0.00339574 0.0113521 0.99993 -0.00339574
0.976971 -0.213285 0.00609239 18.0759 0.213342 0.976916 -0.010978 -3.58243 -0.00361032 0.0120249 0.999921 -0.00361032
0.964885 -0.262573 0.00726555 18.2922 0.262643 0.964824 -0.0115777 -3.47348 -0.00396998 0.0130794 0.999907 -0.00396998
0.950364 -0.311029 0.00837624 18.4931 0.311115 0.950289 -0.0126067 -3.35836 -0.00403879 0.014587 0.999885 -0.00403879
0.933533 -0.358358 0.00978655 18.6774 0.358466 0.933442 -0.013684 -3.23451 -0.00423142 0.0162826 0.999858 -0.00423142
0.914417 -0.404607 0.0116365 18.8608 0.404743 0.914324 -0.0139479 -3.10065 -0.0049961 0.017464 0.999835 -0.0049961
0.892739 -0.450389 0.0128853 19.0421 0.450539 0.89266 -0.0131249 -2.94608 -0.00559086 0.0175224 0.999831 -0.00559086
0.869066 -0.494517 0.0133014 19.2237 0.494669 0.868985 -0.0129386 -2.79019 -0.00516033 0.0178243 0.999828 -0.00516033
0.842864 -0.537924 0.0147886 19.3831 0.538104 0.842766 -0.0137571 -2.62779 -0.0050631 0.0195532 0.999796 -0.0050631
0.814521 -0.579882 0.0170977 19.5402 0.58011 0.814401 -0.0149318 -2.4541 -0.00526573 0.0220809 0.999742 -0.00526573
0.784253 -0.620173 0.0182301 19.6909 0.620424 0.784111 -0.0156433 -2.27654 -0.00459288 0.0235787 0.999711 -0.00459288
0.751288 -0.659683 0.0196141 19.8333 0.659956 0.751158 -0.0148355 -2.07703 -0.0049465 0.0240902 0.999698 -0.0049465
0.717067 -0.696715 0.0201022 19.9652 0.696988 0.716949 -0.0138478 -1.87937 -0.00476433 0.0239408 0.999702 -0.00476433
0.680999 -0.731979 0.021136 20.0896 0.732268 0.680892 -0.0130202 -1.67758 -0.00486081 0.024344 0.999692 -0.00486081
0.642854 -0.765668 0.0221671 20.2028 0.765974 0.642754 -0.0123197 -1.46696 -0.0048152 0.0248991 0.999678 -0.0048152
0.604382 -0.796386 0.0221659 20.3126 0.796687 0.604266 -0.0123782 -1.26473 -0.00353628 0.0251405 0.999678 -0.00353628
0.563984 -0.82547 0.0228338 20.4064 0.825781 0.563854 -0.0124198 -1.05262 -0.00262272 0.0258603 0.999662 -0.00262272
0.523412 -0.851729 0.0244564 20.4947 0.852076 0.52328 -0.0120577 -0.823395 -0.00252764 0.0271499 0.999628 -0.00252764
0.482237 -0.875675 0.0253233 20.5721 0.876038 0.482111 -0.0112814 -0.593181 -0.00232981 0.0276244 0.999616 -0.00232981
0.441043 -0.897109 0.0259927 20.6431 0.897483 0.440924 -0.0104782 -0.368163 -0.00206069 0.0279494 0.999607 -0.00206069
0.399775 -0.91622 0.0268593 20.6997 0.916612 0.39965 -0.0100979 -0.138491 -0.00148246 0.0286564 0.999588 -0.00148246
0.358675 -0.933062 0.0273525 20.742 0.933462 0.358542 -0.00977551 0.0967726 -0.000685875 0.0290388 0.999578 -0.000685875
0.318318 -0.947588 0.0274095 20.7772 0.947984 0.318173 -0.00962471 0.330164 0.000399314 0.0290475 0.999578 0.000399314
0.277463 -0.960314 0.0284876 20.814 0.960736 0.277305 -0.00941842 0.566779 0.00114488 0.0299823 0.99955 0.00114488
0.237266 -0.971006 0.029209 20.8281 0.971445 0.237134 -0.00794683 0.807603 0.000789966 0.0302605 0.999542 0.000789966
0.198327 -0.979684 0.0297633 20.8418 0.980136 0.198214 -0.00671711 1.03672 0.000681129 0.0305043 0.999534 0.000681129
0.158887 -0.986835 0.0301996 20.8433 0.987295 0.158751 -0.00688261 1.27965 0.0019978 0.0309094 0.99952 0.0019978
0.120141 -0.992269 0.0311237 20.8385 0.992752 0.119986 -0.00679113 1.50963 0.0030042 0.031714 0.999492 0.0030042
0.0819431 -0.996171 0.030461 20.8174 0.996631 0.0817948 -0.00608547 1.74495 0.00357062 0.030857 0.999517 0.00357062
0.0447362 -0.998543 0.030165 20.7808 0.998991 0.0445934 -0.00539053 1.98767 0.00403751 0.0303757 0.99953 0.00403751
0.00771953 -0.999475 0.0314757 20.758 0.999956 0.007545 -0.00565969 2.21672 0.00541923 0.031518 0.999488 0.00541923
-0.0294448 -0.999001 0.0336283 20.7126 0.999549 -0.0296233 -0.00482342 2.45535 0.00581478 0.0334712 0.999423 0.00581478
-0.0649488 -0.9973 0.0342785 20.669 0.997867 -0.0651348 -0.00433681 2.68767 0.00655782 0.0339237 0.999403 0.00655782
-0.099738 -0.994462 0.0331194 20.5966 0.994987 -0.0999224 -0.00395586 2.92513 0.00724332 0.0325588 0.999444 0.00724332
-0.135347 -0.990226 0.0336576 20.5305 0.990769 -0.135526 -0.00310491 3.14935 0.00763606 0.0329267 0.999429 0.00763606
-0.170364 -0.984784 0.0342934 20.4587 0.985352 -0.170525 -0.00179274 3.38394 0.00761333 0.0334857 0.99941 0.00761333
-0.204912 -0.978128 0.035731 20.387 0.978751 -0.205052 -0.000256426 3.60814 0.00757751 0.0349192 0.999361 0.00757751
-0.238786 -0.970384 0.0365612 20.2998 0.971033 -0.238945 1.84604e-05 3.82618 0.0087182 0.0355066 0.999331 0.0087182
-0.273455 -0.96118 0.0368124 20.2016 0.961842 -0.273604 0.00101223 4.05132 0.00909909 0.0356845 0.999322 0.00909909
-0.308104 -0.950662 0.0362549 20.0874 0.951309 -0.308232 0.00215801 4.27075 0.00912336 0.0351545 0.99934 0.00912336
-0.342234 -0.938922 0.0360712 19.9705 0.93957 -0.342341 0.00335863 4.48606 0.00919517 0.0350409 0.999344 0.00919517
-0.376454 -0.925687 0.037239 19.8551 0.92638 -0.376566 0.00424119 4.69103 0.0100969 0.0360941 0.999297 0.0100969
-0.409686 -0.911445 0.0377498 19.7331 0.912162 -0.409798 0.00508099 4.88446 0.0108387 0.0365155 0.999274 0.0108387
-0.441741 -0.896414 0.0361514 19.5826 0.897077 -0.441837 0.00572692 5.07653 0.0108393 0.0349604 0.99933 0.0108393
-0.472537 -0.880634 0.0345367 19.4341 0.881244 -0.472619 0.00626904 5.2664 0.010802 0.0333976 0.999384 0.010802
-0.502851 -0.863655 0.0352198 19.2908 0.864293 -0.502941 0.0069163 5.44942 0.0117402 0.0339181 0.999356 0.0117402
-0.532928 -0.845327 0.037549 19.1484 0.846058 -0.533031 0.00805079 5.62699 0.0132092 0.0360591 0.999262 0.0132092
-0.562296 -0.826018 0.0389673 18.9999 0.826806 -0.562419 0.00877092 5.79446 0.014671 0.0371502 0.999202 0.014671
-0.591702 -0.805219 0.0388707 18.8377 0.806009 -0.591828 0.00941065 5.9526 0.0154272 0.0368985 0.9992 0.0154272
-0.622312 -0.781826 0.0384215 18.6643 0.782603 -0.622441 0.00996801 6.11692 0.0161219 0.036272 0.999212 0.0161219
-0.653567 -0.755862 0.0390164 18.4812 0.756678 -0.653691 0.0112483 6.27283 0.0170025 0.0368743 0.999175 0.0170025
-0.684989 -0.727509 0.0390012 18.2996 0.728355 -0.68507 0.0133333 6.41115 0.0170185 0.0375399 0.99915 0.0170185
-0.715769 -0.697288 0.0382472 18.1069 0.698119 -0.71584 0.0142444 6.53502 0.0174464 0.0368968 0.999167 0.0174464
-0.746252 -0.664547 0.0385489 17.916 0.665394 -0.746346 0.0147836 6.64884 0.0189464 0.0366825 0.999147 0.0189464
-0.776699 -0.628661 0.0390283 17.7121 0.629538 -0.776813 0.0156046 6.75733 0.0205077 0.0366899 0.999116 0.0205077
-0.806059 -0.590538 0.0391555 17.4997 0.591452 -0.806153 0.0173963 6.85254 0.0212922 0.037181 0.999082 0.0212922
-0.83438 -0.54985 0.0384116 17.2817 0.550759 -0.834456 0.0186388 6.93458 0.0218042 0.0367074 0.999088 0.0218042
-0.860841 -0.507511 0.0372189 17.0583 0.508402 -0.860888 0.019959 7.00348 0.0219119 0.0361037 0.999108 0.0219119
-0.885542 -0.463074 0.037112 16.8394 0.463984 -0.885592 0.0210975 7.06198 0.0230964 0.0359021 0.999088 0.0230964
-0.908265 -0.416723 0.0373825 16.6127 0.41768 -0.90831 0.0227393 7.11177 0.0244789 0.0362672 0.999042 0.0244789
-0.928655 -0.369129 0.0366554 16.3777 0.370094 -0.928679 0.0242008 7.14719 0.0251079 0.0360401 0.999035 0.0251079
-0.947015 -0.319242 0.035327 16.1296 0.320191 -0.94701 0.0254846 7.17285 0.0253193 0.0354457 0.999051 0.0253193
-0.962752 -0.268242 0.0339934 15.8846 0.269162 -0.96274 0.0261374 7.18664 0.0257157 0.0343135 0.99908 0.0257157
-0.976005 -0.215266 0.0327783 15.6386 0.216174 -0.975975 0.027244 7.18626 0.0261261 0.0336761 0.999091 0.0261261
-0.986466 -0.16075 0.0323137 15.4 0.161698 -0.986407 0.0292435 7.17442 0.0271735 0.0340728 0.99905 0.0271735
-0.993909 -0.105673 0.0312856 15.1544 0.106656 -0.993793 0.0316098 7.15165 0.0277511 0.0347541 0.999011 0.0277511
-0.998301 -0.0499534 0.0300067 14.9106 0.0509365 -0.998158 0.0329432 7.11141 0.0283058 0.0344157 0.999007 0.0283058
-0.999559 0.00620458 0.0290481 14.6643 -0.00522626 -0.999421 0.0336348 7.05243 0.02924 0.0334681 0.999012 0.02924
-0.997629 0.0627056 0.0283487 14.4063 -0.0617359 -0.997517 0.0338781 6.98039 0.0304027 0.0320476 0.999024 0.0304027
-0.992486 0.119325 0.0270894 14.1574 -0.118356 -0.992356 0.0349374 6.8958 0.0310513 0.0314687 0.999022 0.0310513
-0.98409 0.175808 0.0256699 13.9221 -0.174846 -0.983942 0.0358762 6.79717 0.0315651 0.0308171 0.999027 0.0315651
-0.972415 0.232003 0.0241573 13.6783 -0.230997 -0.972196 0.0384028 6.68324 0.0323952 0.0317632 0.99897 0.0323952
-0.957796 0.28651 0.0232138 13.4427 -0.285516 -0.957597 0.0385714 6.55455 0.0332806 0.0303157 0.998986 0.0332806
-0.940417 0.339244 0.0230054 13.2069 -0.338284 -0.940297 0.0374802 6.40396 0.0343469 0.0274646 0.999033 0.0343469
-0.920771 0.389418 0.0231397 12.9849 -0.388478 -0.920728 0.0366658 6.24319 0.0355837 0.0247715 0.99906 0.0355837
-0.899376 0.436597 0.0224989 12.7664 -0.435652 -0.899347 0.037183 6.07172 0.0364683 0.0236398 0.999055 0.0364683
-0.876534 0.480889 0.0208417 12.5361 -0.479958 -0.876476 0.0378058 5.89104 0.0364476 0.0231349 0.999068 0.0364476
-0.852582 0.522218 0.019834 12.2985 -0.521299 -0.852526 0.0380414 5.70202 0.0367748 0.0220939 0.999079 0.0367748
-0.827599 0.560995 0.0190752 12.0706 -0.560085 -0.827555 0.0381791 5.50996 0.0372041 0.0209133 0.999089 0.0372041
-0.80189 0.597199 0.0180372 11.8442 -0.596327 -0.801857 0.0376734 5.30675 0.0369618 0.0194538 0.999127 0.0369618
-0.775678 0.630896 0.0171488 11.6214 -0.630048 -0.775653 0.037451 5.08162 0.0369292 0.0182453 0.999151 0.0369292
-0.748833 0.662557 0.0163593 11.4055 -0.661764 -0.748833 0.0363023 4.84368 0.0363027 0.0163584 0.999207 0.0363027
-0.7224 0.691302 0.0155266 11.203 -0.690546 -0.72241 0.0356433 4.58738 0.0358568 0.0150269 0.999244 0.0358568
-0.695779 0.718084 0.0156806 11.0137 -0.71736 -0.695836 0.0347497 4.31839 0.0358643 0.0129296 0.999273 0.0358643
-0.669856 0.742313 0.0162492 10.8374 -0.74159 -0.66996 0.0346058 4.05342 0.0365747 0.0111306 0.999269 0.0365747
-0.644767 0.764187 0.0171567 10.6543 -0.763517 -0.644943 0.0330216 3.77926 0.0362997 0.00819183 0.999307 0.0362997
-0.621022 0.783617 0.0166317 10.4808 -0.782976 -0.621203 0.032488 3.49502 0.0357899 0.00715353 0.999334 0.0357899
-0.59945 0.800258 0.0157157 10.2953 -0.799633 -0.599617 0.0323476 3.21052 0.0353098 0.00682396 0.999353 0.0353098
-0.579775 0.814647 0.0145263 10.1096 -0.814048 -0.579918 0.0319479 2.92518 0.0344503 0.00669748 0.999384 0.0344503
-0.561786 0.827163 0.0140911 9.91985 -0.826619 -0.561936 0.0304921 2.6314 0.0331402 0.00548209 0.999436 0.0331402
-0.546052 0.837614 0.0151503 9.75836 -0.837122 -0.546254 0.0288747 2.33365 0.0324617 0.00308445 0.999468 0.0324617
-0.532201 0.84646 0.0163755 9.60635 -0.84601 -0.532452 0.0275944 2.03349 0.0320767 0.000831958 0.999485 0.0320767
-0.520421 0.853752 0.0164279 9.45226 -0.853319 -0.52068 0.0271663 1.72917 0.031747 0.000119685 0.999496 0.031747
-0.510883 0.859503 0.0158838 9.28089 -0.859078 -0.51113 0.0270286 1.42529 0.0313499 0.000163041 0.999508 0.0313499
-0.503838 0.863657 0.0156165 9.09743 -0.863246 -0.50408 0.0266611 1.12778 0.030898 -4.79693e-05 0.999523 0.030898
-0.498631 0.866677 0.0154196 8.92077 -0.866266 -0.49887 0.0266966 0.83518 0.0308297 -4.57108e-05 0.999525 0.0308297
-0.494849 0.868848 0.0150479 8.75079 -0.868425 -0.495078 0.027137 0.53414 0.0310278 0.000360793 0.999518 0.0310278
-0.49224 0.870331 0.0149424 8.57048 -0.869905 -0.492466 0.0272329 0.24415 0.0310602 0.000406653 0.999517 0.0310602
-0.489901 0.871661 0.0142585 8.39203 -0.871231 -0.490108 0.0274135 -0.0550118 0.0308835 0.00100743 0.999522 0.0308835
-0.487728 0.872885 0.0139056 8.21097 -0.872454 -0.487925 0.0274638 -0.368625 0.0307576 0.00126287 0.999526 0.0307576
-0.485467 0.874142 0.0140366 8.04815 -0.873703 -0.485669 0.0277244 -0.668505 0.0310522 0.00119546 0.999517 0.0310522
-0.4832 0.875397 0.0140969 7.88038 -0.874944 -0.483404 0.0281829 -0.981768 0.0314857 0.001284 0.999503 0.0314857
-0.480977 0.876616 0.0143066 7.71573 -0.87616 -0.481189 0.0282925 -1.28805 0.0316859 0.0010732 0.999497 0.0316859
-0.479506 0.877425 0.014145 7.54226 -0.876975 -0.479713 0.0280919 -1.60076 0.0314341 0.0010654 0.999505 0.0314341
-0.478565 0.87794 0.0140666 7.36939 -0.877501 -0.478771 0.0277548 -1.92106 0.0311017 0.000938976 0.999516 0.0311017
-0.478635 0.877903 0.0139754 7.20271 -0.877463 -0.478838 0.0278039 -2.22101 0.0311011 0.00104503 0.999516 0.0311011
-0.479481 0.877433 0.014455 7.04395 -0.877011 -0.479699 0.0271998 -2.53388 0.0308001 0.000364614 0.999525 0.0308001
-0.480621 0.876803 0.0148179 6.88667 -0.876394 -0.480849 0.0267753 -2.85049 0.0306019 -0.00011755 0.999532 0.0306019
-0.482356 0.875837 0.0155966 6.7262 -0.875446 -0.482607 0.0261779 -3.17418 0.0304546 -0.00102689 0.999536 0.0304546
-0.485073 0.87432 0.016367 6.56445 -0.873938 -0.485346 0.0259099 -3.49279 0.0305973 -0.00173554 0.99953 0.0305973
-0.488595 0.872358 0.0163346 6.39109 -0.871995 -0.488864 0.0252327 -3.79848 0.0299973 -0.00191511 0.999548 0.0299973
-0.49379 0.869426 0.0164523 6.22622 -0.869077 -0.494059 0.0247208 -4.10146 0.0296213 -0.00209148 0.999559 0.0296213
-0.499851 0.865948 0.0168338 6.06331 -0.86561 -0.500129 0.0242914 -4.4097 0.0294541 -0.00242944 0.999563 0.0294541
-0.507326 0.861586 0.0170196 5.88624 -0.861259 -0.507605 0.0238799 -4.71618 0.0292138 -0.0025434 0.99957 0.0292138
-0.515839 0.856497 0.0179718 5.70294 -0.856181 -0.516142 0.0234801 -5.01299 0.0293867 -0.00327516 0.999563 0.0293867
-0.525145 0.85081 0.0185791 5.5051 -0.850521 -0.525458 0.0225376 -5.3033 0.0289378 -0.00396635 0.999573 0.0289378
-0.535057 0.844612 0.018566 5.30948 -0.844338 -0.535364 0.0218869 -5.58696 0.0284255 -0.00396521 0.999588 0.0284255
-0.545405 0.837969 0.0184627 5.11301 -0.837719 -0.545702 0.0209027 -5.85772 0.027591 -0.0040661 0.999611 0.027591
-0.55633 0.830751 0.0187318 4.92594 -0.830538 -0.556625 0.0193937 -6.11867 0.0265379 -0.00476818 0.999636 0.0265379
-0.568261 0.822615 0.0196049 4.73237 -0.822435 -0.568569 0.0181439 -6.37328 0.0260722 -0.00581327 0.999643 0.0260722
-0.580798 0.813818 0.019353 4.5309 -0.813639 -0.581096 0.0178638 -6.60937 0.0257838 -0.00537105 0.999653 0.0257838
-0.593694 0.804464 0.0191039 4.32939 -0.804285 -0.593981 0.0176796 -6.84885 0.0255699 -0.00486871 0.999661 0.0255699
-0.606769 0.794661 0.0185603 4.12396 -0.794468 -0.607041 0.0179379 -7.07247 0.0255214 -0.00386143 0.999667 0.0255214
-0.620187 0.784235 0.0185139 3.92239 -0.784041 -0.620454 0.0177939 -7.28124 0.0254416 -0.00348015 0.99967 0.0254416
